,framework,login,seguidores,numero_prs_criados,numero_merges,numero_prs_criado_mergeado,numero_prs_criado_n_mergeado,numero_prs_n_mergeado_fechado,numero_prs_fechado,numero_merges_exclude_auto_merge,numero_revisoes_exclude_auto_revisado,auto_revisado,tempo experiencia(dias)
0,Azure,derisen,24.0,0,105,0,0,5,110,105,110,0,599
1,Azure,oldalton,,0,0,0,0,0,0,0,0,0,599
2,Azure,kaisong1990,,0,0,0,0,0,0,0,0,0,599
3,Azure,kalyankrishna1,25.0,0,1,0,0,1,2,1,2,0,107
4,Azure,aremo-ms,,0,0,0,0,0,0,0,0,0,107
5,Azure,TiagoBrenck,11.0,0,4,0,0,2,6,4,6,0,200
6,Azure,libarson,,0,0,0,0,0,0,0,0,0,200
7,Azure,tommoser,,0,0,0,0,0,0,0,0,0,200
8,Azure,paterasMSFT,,0,0,0,0,0,0,0,0,0,200
9,Azure,dpwatrous,7.0,0,2,0,0,1,3,2,3,0,223
10,Azure,bgklein,12.0,0,1,0,0,0,1,1,1,0,0
11,Azure,jongio,243.0,0,85,0,0,8,93,85,93,0,720
12,Azure,tamram,80.0,0,1,0,0,0,1,1,1,0,0
13,Azure,mhopkins-msft,16.0,0,3,0,0,0,3,3,3,0,22
14,Azure,DavidCBerry13,82.0,0,4,0,0,0,4,4,4,0,127
15,Azure,SnehaGunda,29.0,0,5,0,0,8,13,5,13,0,339
16,Azure,anfeldma-ms,5.0,0,1,0,0,0,1,1,1,0,0
17,Azure,dereklegenzoff,9.0,0,17,0,0,0,17,17,17,0,611
18,Azure,HeidiSteen,28.0,0,36,0,0,2,38,36,38,0,474
19,Azure,brjohnstmsft,48.0,0,3,0,0,0,3,3,3,0,62
20,Azure,erikadoyle,60.0,0,3,0,0,0,3,3,3,0,218
21,Azure,johndeu,12.0,0,19,0,0,0,19,19,19,0,525
22,Azure,lmazuel,92.0,0,6,0,0,2,8,6,8,0,630
23,Azure,pmaytak,4.0,0,2,0,0,0,2,2,2,0,373
24,Azure,trwalke,,0,0,0,0,0,0,0,0,0,373
25,Azure,SameerK-MSFT,,0,0,0,0,0,0,0,0,0,373
26,Azure,bgavrilMS,34.0,0,6,0,0,0,6,6,6,0,366
27,Azure,jennyf19,48.0,0,5,0,0,0,5,5,5,0,321
28,Azure,jmprieur,119.0,0,58,0,0,2,60,58,60,0,652
29,Azure,neha-bhargava,,0,0,0,0,0,0,0,0,0,652
30,Azure,aiwangmicrosoft,,0,0,0,0,0,0,0,0,0,652
31,Azure,yoelhor,42.0,0,4,0,0,3,7,4,7,0,198
32,Azure,szhaomsft,11.0,0,3,0,0,1,4,3,4,0,270
33,Azure,yinhew,,0,0,0,0,0,0,0,0,0,270
34,Azure,yulin-li,14.0,0,5,0,0,0,5,5,5,0,402
35,Azure,boltomli,79.0,0,15,0,0,0,15,15,15,0,451
36,Azure,diberry,49.0,0,4,0,0,3,7,4,7,0,632
37,Azure,berndverst,,0,0,0,0,0,0,0,0,0,632
38,Azure,henrik-me,,0,0,0,0,0,0,0,0,0,632
39,Azure,gladjohn,,0,0,0,0,0,0,0,0,0,632
40,Azure,maburlik,2.0,0,3,0,0,0,3,3,3,0,41
41,Azure,xpouyat,30.0,0,6,0,0,0,6,6,6,0,587
42,Azure,jihwang0709,,0,0,0,0,0,0,0,0,0,587
43,Azure,hrasheed-msft,9.0,0,4,0,0,0,4,4,4,0,281
44,Azure,v-mankan,,0,0,0,0,0,0,0,0,0,281
45,Azure,v-rakesc,,0,0,0,0,0,0,0,0,0,281
46,Azure,carlrab,,0,0,0,0,0,0,0,0,0,281
47,Azure,dbradish-microsoft,3.0,0,11,0,0,0,11,11,11,0,584
48,Azure,sdwheeler,125.0,0,1,0,0,0,1,1,1,0,0
49,Azure,drwill-ms,16.0,0,12,0,0,1,13,12,13,0,613
50,Azure,wesmc7777,,0,0,0,0,0,0,0,0,0,613
51,Azure,xseeseesee,4.0,0,6,0,0,0,6,6,6,0,42
52,Azure,rojasja,12.0,0,4,0,0,0,4,4,4,0,186
53,Azure,ktsakas,,0,0,0,0,0,0,0,0,0,186
54,Azure,mipetriu,,0,0,0,0,0,0,0,0,0,186
55,Azure,cephalin,47.0,0,3,0,0,1,4,3,4,0,443
56,Azure,sameerag,,0,0,0,0,0,0,0,0,0,443
57,Azure,mmacy,24.0,0,5,0,0,0,5,5,5,0,694
58,Azure,codemillmatt,,0,0,0,0,0,0,0,0,0,694
59,Azure,Shama-K,,0,0,0,0,0,0,0,0,0,694
60,Azure,pkanher617,,0,0,0,0,0,0,0,0,0,694
61,Azure,mikkelhegn,42.0,0,5,0,0,0,5,5,5,0,222
62,Azure,peterpogorski,17.0,0,5,0,0,0,5,5,5,0,261
63,Azure,zr-msft,5.0,0,1,0,0,2,3,1,3,0,13
64,Azure,smichelotti,175.0,0,1,0,0,0,1,1,1,0,0
65,Azure,ggailey777,34.0,0,2,0,0,0,2,2,2,0,0
66,Azure,kojiwms,0.0,0,3,0,0,0,3,3,3,0,275
67,Azure,philon-msft,8.0,0,1,0,0,0,1,1,1,0,0
68,Azure,brendanzagaeski,,0,0,0,0,0,0,0,0,0,0
69,Azure,ArcturusZhang,43.0,0,13,0,0,0,13,13,13,0,294
70,Azure,Alancere,3.0,0,0,0,0,1,1,0,1,0,294
71,Azure,jhendrixMSFT,37.0,0,1,0,0,0,1,1,1,0,0
72,Azure,mybayern1974,,0,0,0,0,0,0,0,0,0,0
73,Azure,yangyuan,118.0,0,3,0,0,0,3,3,3,0,118
74,Azure,yeskarthik,,0,0,0,0,0,0,0,0,0,118
75,Azure,Sandip-Raiyani,,0,0,0,0,0,0,0,0,0,118
76,Azure,dmdenmsft,,0,0,0,0,0,0,0,0,0,118
77,Azure,kanshiG,,0,0,0,0,0,0,0,0,0,118
78,Azure,aahill,187.0,0,5,0,0,1,6,5,6,0,377
79,Azure,v-jaswel,5.0,0,8,0,0,2,10,8,10,0,156
80,Azure,wiazur,8.0,0,10,0,0,1,11,10,11,0,65
81,Azure,weidongxu-microsoft,,0,0,0,0,0,0,0,0,0,65
82,Azure,PatrickFarley,35.0,0,11,0,0,0,11,11,11,0,472
83,Azure,shonohs,3.0,0,4,0,0,0,4,4,4,0,55
84,Azure,craftyhouse,,0,0,0,0,0,0,0,0,0,55
85,Azure,anantshankar17,1.0,0,4,0,0,0,4,4,4,0,161
86,Azure,Nickomang,5.0,0,2,0,0,0,2,2,2,0,29
87,Azure,georgewallace,14.0,0,2,0,0,0,2,2,2,0,157
88,Azure,laujan,11.0,0,2,0,0,0,2,2,2,0,128
89,Azure,erhopf,13.0,0,9,0,0,0,9,9,9,0,301
90,Azure,ramya-rao-a,,0,0,0,0,0,0,0,0,0,301
91,Azure,Duffney,,0,0,0,0,0,0,0,0,0,301
92,Azure,dlepow,20.0,0,3,0,0,0,3,3,3,0,73
93,Azure,LuisBosquez,82.0,0,2,0,0,0,2,2,2,0,4
94,Azure,FabianMeiswinkel,,0,0,0,0,0,0,0,0,0,4
95,Azure,alch-msft,,0,0,0,0,0,0,0,0,0,4
96,Azure,Juliako,,0,0,0,0,0,0,0,0,0,4
97,Azure,ericwol-msft,3.0,0,5,0,0,0,5,5,5,0,435
98,Azure,jebrando,12.0,0,3,0,0,0,3,3,3,0,75
99,Azure,elhorton,3.0,0,1,0,0,0,1,1,1,0,0
100,Azure,PatAltimore,,0,0,0,0,0,0,0,0,0,0
101,Azure,caleteeter,57.0,0,7,0,0,3,10,7,10,0,402
102,Azure,shrugupt,0.0,0,2,0,0,0,2,2,2,0,5
103,Azure,aishik-pyne,,0,0,0,0,0,0,0,0,0,5
104,Azure,ramyapradhan,0.0,0,1,0,0,0,1,1,1,0,0
105,Azure,theMobiusStrip,,0,0,0,0,0,0,0,0,0,0
106,Azure,azabbasi,,0,0,0,0,0,0,0,0,0,0
107,Azure,timtay-microsoft,12.0,0,2,0,0,0,2,2,2,0,97
108,Azure,jamdavi,,0,0,0,0,0,0,0,0,0,97
109,Azure,abhipsaMisra,,0,0,0,0,0,0,0,0,0,97
110,Azure,vinagesh,,0,0,0,0,0,0,0,0,0,97
111,Azure,bikamani,7.0,0,1,0,0,4,5,1,5,0,62
112,Azure,barustum,,0,0,0,0,0,0,0,0,0,62
113,Azure,robinsh,27.0,0,3,0,0,0,3,3,3,0,20
114,Azure,prmathur-microsoft,,0,0,0,0,0,0,0,0,0,20
115,Azure,davilu,,0,0,0,0,0,0,0,0,0,20
116,Azure,cartertinney,17.0,0,1,0,0,0,1,1,1,0,0
117,Azure,glharper,,0,0,0,0,0,0,0,0,0,0
118,Azure,dargilco,6.0,0,5,0,0,1,6,5,6,0,539
119,Azure,glecaros,,0,0,0,0,0,0,0,0,0,539
120,Azure,chschrae,1.0,0,1,0,0,0,1,1,1,0,0
121,Azure,BrianMouncer,3.0,0,4,0,0,0,4,4,4,0,539
122,Azure,HenryvanderVegte,9.0,0,2,0,0,0,2,2,2,0,16
123,Azure,PanosPeriorellis,,0,0,0,0,0,0,0,0,0,16
124,Azure,rhurey,4.0,0,7,0,0,0,7,7,7,0,382
125,Azure,shiwenmichael,,0,0,0,0,0,0,0,0,0,382
126,Azure,oscholz,3.0,0,1,0,0,0,1,1,1,0,0
127,Azure,bexxx,,0,0,0,0,0,0,0,0,0,0
128,Azure,chlandsi,7.0,0,1,0,0,0,1,1,1,0,0
129,Azure,amitkumarshukla,,0,0,0,0,0,0,0,0,0,0
130,Azure,zhouwangzw,,0,0,0,0,0,0,0,0,0,0
131,Azure,wolfma61,7.0,0,2,0,0,0,2,2,2,0,53
132,Azure,mahilleb-msft,35.0,0,1,0,0,0,1,1,1,0,0
133,Azure,ahamad-MS,0.0,0,2,0,0,0,2,2,2,0,34
134,Azure,DariuszPorowski,61.0,0,13,0,0,19,32,13,32,0,59
135,Azure,rguthriemsft,12.0,0,2,0,0,2,4,2,4,0,299
136,Azure,BSamodien,2.0,0,11,0,0,2,13,11,13,0,28
137,Azure,dmckinstry,19.0,0,0,0,0,1,1,0,1,0,28
138,Azure,dtzar,133.0,0,3,0,0,0,3,3,3,0,317
139,Azure,HuapingLiu,,0,0,0,0,0,0,0,0,0,317
140,Azure,jychoudh,,0,0,0,0,0,0,0,0,0,317
141,Azure,brminnick,727.0,0,3,0,0,0,3,3,3,0,0
142,Azure,rbrundritt,55.0,0,12,0,0,7,19,12,19,0,696
143,Azure,dasanagu,,0,0,0,0,0,0,0,0,0,696
144,Azure,ebertrams,22.0,0,8,0,0,5,13,8,13,0,624
145,Azure,nonik0,3.0,0,1,0,0,0,1,1,1,0,0
146,Azure,sahithikkss,0.0,0,1,0,0,0,1,1,1,0,0
147,Azure,msmbaldwin,32.0,0,1,0,0,0,1,1,1,0,0
148,Azure,markjbrown,53.0,0,1,0,0,0,1,1,1,0,0
149,Azure,baanders,12.0,0,14,0,0,0,14,14,14,0,285
150,Azure,KingdomOfEnds,,0,0,0,0,0,0,0,0,0,285
151,Azure,dbarkol,42.0,0,2,0,0,1,3,2,3,0,205
152,Azure,stevebus,11.0,0,1,0,0,0,1,1,1,0,0
153,Azure,grdinin,,0,0,0,0,0,0,0,0,0,0
154,Azure,MaximRouiller,,0,0,0,0,0,0,0,0,0,0
155,Azure,edburns,,0,0,0,0,0,0,0,0,0,0
156,Azure,selvasingh,97.0,0,26,0,0,0,26,26,26,0,686
157,Azure,northtyphoon,,0,0,0,0,0,0,0,0,0,686
158,Azure,yihezkel,,0,0,0,0,0,0,0,0,0,686
159,Azure,v-michaelmi,,0,0,0,0,0,0,0,0,0,686
160,Azure,algattik,42.0,0,2,0,0,0,2,2,2,0,64
161,Azure,abbhar,,0,0,0,0,0,0,0,0,0,64
162,Azure,viananth,,0,0,0,0,0,0,0,0,0,64
163,Azure,WilliamBerryiii,45.0,0,17,0,0,0,17,17,17,0,489
164,Azure,angellmethod,3.0,0,4,0,0,0,4,4,4,0,8
165,Azure,TheOnlyWei,1.0,0,4,0,0,1,5,4,5,0,52
166,Azure,mregen,25.0,0,1,0,0,4,5,1,5,0,0
167,Azure,luiscantero,14.0,0,3,0,0,0,3,3,3,0,44
168,Azure,hansgschossmann,17.0,0,6,0,0,0,6,6,6,0,234
169,Azure,simonjaeger,,0,0,0,0,0,0,0,0,0,234
170,Azure,peterbryntesson,,0,0,0,0,0,0,0,0,0,234
171,Azure,bganapa,,0,0,0,0,0,0,0,0,0,234
172,Azure,saragluna,23.0,0,2,0,0,0,2,2,2,0,203
173,Azure,paulbouwer,,0,0,0,0,0,0,0,0,0,203
174,Azure,BoyaXie,,0,0,0,0,0,0,0,0,0,203
175,Azure,cyhuang01,,0,0,0,0,0,0,0,0,0,203
176,Azure,ChrisHMSFT,,0,0,0,0,0,0,0,0,0,203
177,Azure,kbrowne8,,0,0,0,0,0,0,0,0,0,203
178,Azure,roy-har,,0,0,0,0,0,0,0,0,0,203
179,Azure,ealsur,133.0,0,1,0,0,0,1,1,1,0,0
180,Azure,JMayrbaeurl,21.0,0,1,0,0,0,1,1,1,0,0
181,Azure,brendan-src,,0,0,0,0,0,0,0,0,0,0
182,Azure,j82w,,0,0,0,0,0,0,0,0,0,0
183,Azure,kraigb,65.0,0,2,0,0,1,3,2,3,0,104
184,Azure,cmcclister,,0,0,0,0,0,0,0,0,0,104
185,Azure,markwolff,14.0,0,16,0,0,0,16,16,16,0,95
186,Azure,rtanase,,0,0,0,0,0,0,0,0,0,95
187,Azure,wviriya,8.0,0,1,0,0,1,2,1,2,0,8
188,Azure,bhummerstone,19.0,0,1,0,0,0,1,1,1,0,0
189,Azure,RenaShahMSFT,12.0,0,1,0,0,0,1,1,1,0,0
190,Azure,jeffpatt24,2.0,0,4,0,0,0,4,4,4,0,314
191,Azure,YunZhou-MS,0.0,0,2,0,0,0,2,2,2,0,45
192,Azure,surendernitj,0.0,0,1,0,0,0,1,1,1,0,0
193,Azure,rohiths-msft,,0,0,0,0,0,0,0,0,0,0
194,Azure,ledavies,,0,0,0,0,0,0,0,0,0,0
195,Azure,wmgries,15.0,0,1,0,0,0,1,1,1,0,0
196,Azure,sprasad-microsoft,,0,0,0,0,0,0,0,0,0,0
197,Azure,asw101,59.0,0,23,0,0,12,35,23,35,0,370
198,Azure,conhua,3.0,0,2,0,0,0,2,2,2,0,37
199,Azure,moreOver0,,0,0,0,0,0,0,0,0,0,37
200,Azure,mrbullwinkle,,0,0,0,0,0,0,0,0,0,37
201,Azure,BrianPeek,,0,0,0,0,0,0,0,0,0,37
202,Azure,surnaik,,0,0,0,0,0,0,0,0,0,37
203,Azure,aim-for-better,,0,0,0,0,0,0,0,0,0,37
204,Azure,maliksahil,,0,0,0,0,0,0,0,0,0,37
205,Azure,cnsegura,,0,0,0,0,0,0,0,0,0,37
206,Azure,IngridAtMicrosoft,7.0,0,3,0,0,0,3,3,3,0,223
207,Azure,giakas,0.0,0,12,0,0,0,12,12,12,0,0
208,Azure,Careyjmac,10.0,0,2,0,0,0,2,2,2,0,11
209,Azure,sebader,14.0,0,1,0,0,0,1,1,1,0,0
210,Azure,jennifermarsman,96.0,0,8,0,0,0,8,8,8,0,91
211,Azure,LuisCabrer,27.0,0,1,0,0,0,1,1,1,0,0
212,Azure,tyclintw,4.0,0,10,0,0,2,12,10,12,0,203
213,Azure,mandyshieh,,0,0,0,0,0,0,0,0,0,203
214,Azure,CarlosP-MS,15.0,0,4,0,0,0,4,4,4,0,46
215,Azure,srswamy-msft,1.0,0,1,0,0,0,1,1,1,0,0
216,Azure,JasenLassig,,0,0,0,0,0,0,0,0,0,0
217,Azure,JasonWHowell,34.0,0,1,0,0,0,1,1,1,0,0
218,Azure,penorouzi,4.0,0,25,0,0,0,25,25,25,0,253
219,Azure,initmahesh,14.0,0,129,0,0,6,135,129,135,0,357
220,Azure,misainat,0.0,0,1,0,0,0,1,1,1,0,0
221,Azure,rlfmendes,0.0,0,1,0,0,0,1,1,1,0,0
222,Azure,anjayajodha,10.0,0,16,0,0,0,16,16,16,0,126
223,Azure,rtibi,4.0,0,13,0,0,2,15,13,15,0,627
224,Azure,garvitarai,,0,0,0,0,0,0,0,0,0,627
225,Azure,sijuman,,0,0,0,0,0,0,0,0,0,627
226,Azure,cschotte,7.0,0,1,0,0,0,1,1,1,0,0
227,Azure,blackchoey,,0,0,0,0,0,0,0,0,0,0
228,Azure,Avery-Dunn,0.0,0,1,0,0,0,1,1,1,0,0
229,Azure,idg-sam,3.0,0,2,0,0,1,3,2,3,0,98
230,Azure,sangonzal,5.0,0,2,0,0,1,3,2,3,0,69
231,Azure,navyasric,,0,0,0,0,0,0,0,0,0,69
232,Azure,SomkaPe,,0,0,0,0,0,0,0,0,0,69
233,Azure,cindydeng1998,,0,0,0,0,0,0,0,0,0,69
234,Azure,dominicbetts,58.0,0,1,0,0,0,1,1,1,0,0
235,Azure,bleroy,202.0,0,22,0,0,0,22,22,22,0,669
236,Azure,vkurpad,4.0,0,1,0,0,0,1,1,1,0,0
237,Azure,liamca,,0,0,0,0,0,0,0,0,0,0
238,Azure,cjoakim,50.0,0,6,0,0,0,6,6,6,0,0
239,Azure,deborahc,,0,0,0,0,0,0,0,0,0,0
240,Azure,Rodrigossz,,0,0,0,0,0,0,0,0,0,0
241,Azure,ThomasWeiss,,0,0,0,0,0,0,0,0,0,0
242,Azure,victor-meng,,0,0,0,0,0,0,0,0,0,0
243,Azure,srinathnarayanan,,0,0,0,0,0,0,0,0,0,0
244,Azure,TheovanKraay,14.0,0,2,0,0,0,2,2,2,0,276
245,Azure,jdubois,1103.0,0,3,0,0,0,3,3,3,0,6
246,Azure,shahzaibj,,0,0,0,0,0,0,0,0,0,6
247,Azure,rpdome,2.0,0,1,0,0,0,1,1,1,0,0
248,Azure,iambmelt,,0,0,0,0,0,0,0,0,0,0
249,Azure,hamiltonha,12.0,0,1,0,0,0,1,1,1,0,0
250,Azure,ecfan,,0,0,0,0,0,0,0,0,0,0
251,Azure,scgbear,0.0,0,1,0,0,0,1,1,1,0,0
252,Azure,brandonh-msft,49.0,0,9,0,0,1,10,9,10,0,490
253,Azure,fsharpn00b,0.0,0,10,0,0,3,13,10,13,0,209
254,Azure,anatolip,,0,0,0,0,0,0,0,0,0,209
255,Azure,AdelGhabboun,1.0,0,11,0,0,0,11,11,11,0,90
256,Azure,cfialkiewicz,,0,0,0,0,0,0,0,0,0,90
257,Azure,yorek,244.0,0,12,0,0,6,18,12,18,0,510
258,Azure,dagiro,,0,0,0,0,0,0,0,0,0,510
259,Azure,amenarde,,0,0,0,0,0,0,0,0,0,510
260,Azure,manashgoswami,1.0,0,2,0,0,0,2,2,2,0,264
261,Azure,liydu,20.0,0,3,0,0,0,3,3,3,0,0
262,Azure,rayluo,28.0,0,3,0,0,0,3,3,3,0,356
263,Azure,abhidnya13,6.0,0,1,0,0,0,1,1,1,0,0
264,Azure,JerryYangKai,6.0,0,1,0,0,0,1,1,1,0,0
265,Azure,IvanJobs,,0,0,0,0,0,0,0,0,0,0
266,Azure,dadihe,,0,0,0,0,0,0,0,0,0,0
267,Azure,xscript,13.0,0,9,0,0,0,9,9,9,0,636
268,Azure,leonard520,,0,0,0,0,0,0,0,0,0,636
269,Azure,yucwan,0.0,0,1,0,0,0,1,1,1,0,0
270,Azure,JunyiYi,,0,0,0,0,0,0,0,0,0,0
271,Azure,metacpp,22.0,0,3,0,0,0,3,3,3,0,12
272,Azure,xgugeng,,0,0,0,0,0,0,0,0,0,12
273,Azure,robotdad,,0,0,0,0,0,0,0,0,0,12
274,Azure,stack111,2.0,0,2,0,0,0,2,2,2,0,66
275,Azure,vyta,11.0,0,3,0,0,0,3,3,3,0,138
276,Azure,jsturtevant,141.0,0,1,0,0,0,1,1,1,0,0
277,Azure,k-bren,0.0,0,1,0,0,0,1,1,1,0,0
278,Azure,babbageclunk,,0,0,0,0,0,0,0,0,0,0
279,Azure,matthchr,,0,0,0,0,0,0,0,0,0,0
280,Azure,frodopwns,14.0,0,1,0,0,0,1,1,1,0,0
281,Azure,melonrush13,5.0,0,1,0,0,0,1,1,1,0,0
282,Azure,jpflueger,,0,0,0,0,0,0,0,0,0,0
283,Azure,kushagraThapar,12.0,0,3,0,0,0,3,3,3,0,154
284,Azure,ramsessanchez,0.0,0,7,0,0,0,7,7,7,0,0
285,Azure,baywet,98.0,0,24,0,0,0,24,24,24,0,42
286,Azure,fiveisprime,180.0,0,1,0,0,0,1,1,1,0,0
287,Azure,ericmitt,12.0,0,3,0,0,0,3,3,3,0,30
288,Azure,tshaiman,19.0,0,1,0,0,0,1,1,1,0,0
289,Azure,Itnorman,,0,0,0,0,0,0,0,0,0,0
290,Azure,nofaredanoren,2.0,0,2,0,0,0,2,2,2,0,18
291,Azure,fvneerden,,0,0,0,0,0,0,0,0,0,18
292,Azure,uratzmon,,0,0,0,0,0,0,0,0,0,18
293,Azure,sapinderpalsingh,,0,0,0,0,0,0,0,0,0,18
294,Azure,promisinganuj,,0,0,0,0,0,0,0,0,0,18
295,Azure,jmostella,,0,0,0,0,0,0,0,0,0,18
296,Azure,devlace,121.0,0,15,0,0,5,20,15,20,0,676
297,Azure,sinnypan,,0,0,0,0,0,0,0,0,0,676
298,Azure,siliang-j-1225,4.0,0,1,0,0,0,1,1,1,0,0
299,Azure,gary918,,0,0,0,0,0,0,0,0,0,0
300,Azure,shervyna,,0,0,0,0,0,0,0,0,0,0
301,Azure,ydaponte,,0,0,0,0,0,0,0,0,0,0
302,Azure,DavidBurela,,0,0,0,0,0,0,0,0,0,0
303,Azure,satonaoki,,0,0,0,0,0,0,0,0,0,0
304,Azure,Nick287,,0,0,0,0,0,0,0,0,0,0
305,Azure,thurstonchen,,0,0,0,0,0,0,0,0,0,0
306,Azure,swetha-sundar,,0,0,0,0,0,0,0,0,0,0
307,Azure,maye-msft,6.0,0,1,0,0,0,1,1,1,0,0
308,Azure,andrewdyhhub,,0,0,0,0,0,0,0,0,0,0
309,Azure,namitms,,0,0,0,0,0,0,0,0,0,0
310,Azure,jsburckhardt,,0,0,0,0,0,0,0,0,0,0
311,Azure,icchan,,0,0,0,0,0,0,0,0,0,0
312,Azure,akirakakar,,0,0,0,0,0,0,0,0,0,0
313,Azure,NT-D,,0,0,0,0,0,0,0,0,0,0
314,Azure,xinsnake,,0,0,0,0,0,0,0,0,0,0
315,Azure,tomomi-code,,0,0,0,0,0,0,0,0,0,0
316,Azure,Azadehkhojandi,,0,0,0,0,0,0,0,0,0,0
317,Azure,Herman-Wu,,0,0,0,0,0,0,0,0,0,0
318,Azure,deniscep,,0,0,0,0,0,0,0,0,0,0
319,Azure,kiwibayer,,0,0,0,0,0,0,0,0,0,0
320,Azure,hannesne,,0,0,0,0,0,0,0,0,0,0
321,Azure,M-Hietala,,0,0,0,0,0,0,0,0,0,0
322,Azure,jiamguo,,0,0,0,0,0,0,0,0,0,0
323,Azure,singhsaumya,,0,0,0,0,0,0,0,0,0,0
324,Azure,eikim,,0,0,0,0,0,0,0,0,0,0
325,Azure,olmidy,,0,0,0,0,0,0,0,0,0,0
326,Azure,encorona-ms,,0,0,0,0,0,0,0,0,0,0
327,Azure,mswellsi,,0,0,0,0,0,0,0,0,0,0
328,Azure,ovishesh,,0,0,0,0,0,0,0,0,0,0
329,Azure,qfweiwei,,0,0,0,0,0,0,0,0,0,0
330,Azure,splumber,,0,0,0,0,0,0,0,0,0,0
331,Azure,JPalmerDev,,0,0,0,0,0,0,0,0,0,0
332,Azure,cfogg6,,0,0,0,0,0,0,0,0,0,0
333,Azure,trrwilson,,0,0,0,0,0,0,0,0,0,0
334,Azure,BhramaraA,,0,0,0,0,0,0,0,0,0,0
335,Azure,wbreza,,0,0,0,0,0,0,0,0,0,0
336,Azure,mydiemho,,0,0,0,0,0,0,0,0,0,0
337,Azure,alkofahi,,0,0,0,0,0,0,0,0,0,0
338,Azure,Humoiz,,0,0,0,0,0,0,0,0,0,0
339,Azure,michaeldeongreen,,0,0,0,0,0,0,0,0,0,0
340,Azure,aluong,,0,0,0,0,0,0,0,0,0,0
341,Azure,priyaananthasankar,10.0,0,1,0,0,0,1,1,1,0,0
342,Azure,kln4dt,,0,0,0,0,0,0,0,0,0,0
343,Azure,idavis,74.0,0,1,0,0,0,1,1,1,0,0
344,Azure,wduraes,10.0,0,1,0,0,0,1,1,1,0,0
345,Azure,niachary,,0,0,0,0,0,0,0,0,0,0
346,Azure,alkohli,10.0,0,6,0,0,0,6,6,6,0,444
347,Azure,raviprpandey,,0,0,0,0,0,0,0,0,0,444
348,Azure,neerajdixit-msft,,0,0,0,0,0,0,0,0,0,444
349,Azure,vikask77,,0,0,0,0,0,0,0,0,0,444
350,Azure,priestlg,,0,0,0,0,0,0,0,0,0,444
351,Azure,Teodelas,2.0,0,1,0,0,0,1,1,1,0,0
352,Azure,onaim-msft,,0,0,0,0,0,0,0,0,0,0
353,Azure,jasonnutter,60.0,0,4,0,0,0,4,4,4,0,399
354,Azure,fedeoliv,79.0,0,6,0,0,0,6,6,6,0,469
355,Azure,allantargino,91.0,0,5,0,0,3,8,5,8,0,370
356,Azure,sffamily,3.0,0,2,0,0,0,2,2,2,0,7
357,Azure,andxu,27.0,0,1,0,0,0,1,1,1,0,0
358,Azure,Flanker32,16.0,0,0,0,0,1,1,0,1,0,0
359,Azure,N-Usha,35.0,0,1,0,0,0,1,1,1,0,0
360,Azure,SergeyKanzhelev,,0,0,0,0,0,0,0,0,0,0
361,Azure,lzchen,15.0,0,2,0,0,0,2,2,2,0,6
362,Azure,moderakh,,0,0,0,0,0,0,0,0,0,6
363,Azure,iainfoulds,,0,0,0,0,0,0,0,0,0,6
364,Azure,craigshoemaker,338.0,0,7,0,0,0,7,7,7,0,168
365,Azure,paloukari,,0,0,0,0,0,0,0,0,0,168
366,Azure,michielvanschaik,4.0,0,6,0,0,0,6,6,6,0,341
367,Azure,myamama,,0,0,0,0,0,0,0,0,0,341
368,Azure,katriendg,,0,0,0,0,0,0,0,0,0,341
369,Azure,vslepakov,,0,0,0,0,0,0,0,0,0,341
370,Azure,arlotito,,0,0,0,0,0,0,0,0,0,341
371,Azure,jovanpop-msft,19.0,0,3,0,0,0,3,3,3,0,258
372,Azure,Niharikadutta,,0,0,0,0,0,0,0,0,0,258
373,Azure,ruixinxu,3.0,0,5,0,0,0,5,5,5,0,453
374,Azure,Jing29,,0,0,0,0,0,0,0,0,0,453
375,Azure,kaiyuezhou,,0,0,0,0,0,0,0,0,0,453
376,Azure,saveenr,42.0,0,11,0,0,0,11,11,11,0,465
377,Azure,TwoUnder,6.0,0,1,0,0,0,1,1,1,0,0
378,Azure,rapoth,9.0,0,3,0,0,0,3,3,3,0,326
379,Azure,midesa,,0,0,0,0,0,0,0,0,0,326
380,Azure,MikeRys,39.0,0,1,0,0,0,1,1,1,0,0
381,Azure,euangms,,0,0,0,0,0,0,0,0,0,0
382,Azure,rasavant-ms,,0,0,0,0,0,0,0,0,0,0
383,Azure,David-Noble-at-work,,0,0,0,0,0,0,0,0,0,0
384,Azure,gukoff,21.0,0,1,0,0,0,1,1,1,0,0
385,Azure,TechPreacher,26.0,0,3,0,0,0,3,3,3,0,0
386,Azure,fbeltrao,54.0,0,1,0,0,0,1,1,1,0,0
387,Azure,revinjchalil,1.0,0,1,0,0,0,1,1,1,0,0
388,Azure,CodeRunRepeat,,0,0,0,0,0,0,0,0,0,0
389,Azure,normesta,20.0,0,1,0,0,0,1,1,1,0,0
390,Azure,twooley,6.0,0,1,0,0,0,1,1,1,0,0
391,Azure,danhellem,,0,0,0,0,0,0,0,0,0,0
392,Azure,alexkarcher-msft,18.0,0,2,0,0,0,2,2,2,0,19
393,Azure,DeepikaSadahiro,0.0,0,1,0,0,0,1,1,1,0,0
394,Azure,cschormann,2.0,0,6,0,0,0,6,6,6,0,48
395,Azure,philmea,,0,0,0,0,0,0,0,0,0,48
396,Azure,anaharris-ms,,0,0,0,0,0,0,0,0,0,48
397,Azure,rolucchi,,0,0,0,0,0,0,0,0,0,48
398,Azure,kayousef,1.0,0,1,0,0,0,1,1,1,0,0
399,Azure,a-noyass,6.0,0,1,0,0,0,1,1,1,0,0
400,Azure,AmirGeorge,,0,0,0,0,0,0,0,0,0,0
401,Azure,AndyCW,89.0,0,8,0,0,0,8,8,8,0,14
402,Azure,Joll59,,0,0,0,0,0,0,0,0,0,14
403,Azure,KatieProchilo,,0,0,0,0,0,0,0,0,0,14
404,Azure,cmayomsft,,0,0,0,0,0,0,0,0,0,14
405,Azure,cmaneu,,0,0,0,0,0,0,0,0,0,14
406,Azure,manishmsfte,,0,0,0,0,0,0,0,0,0,14
407,Azure,vjrantal,,0,0,0,0,0,0,0,0,0,14
408,Azure,Sarah-Aly,1.0,0,1,0,0,0,1,1,1,0,0
409,Azure,msyyc,1.0,0,4,0,0,0,4,4,4,0,98
410,Azure,nickzhums,24.0,0,11,0,0,0,11,11,11,0,425
411,Azure,00Kai0,57.0,0,2,0,0,2,4,2,4,0,53
412,Azure,gansvv,3.0,0,1,0,0,0,1,1,1,0,0
413,Azure,poanchen,50.0,0,6,0,0,0,6,6,6,0,467
414,Azure,cjpfaff,,0,0,0,0,0,0,0,0,0,467
415,Azure,CloudViking,,0,0,0,0,0,0,0,0,0,467
416,Azure,elnica6-zz,3.0,0,0,0,0,1,1,0,1,0,467
417,Azure,mcollier,26.0,0,1,0,0,0,1,1,1,0,0
418,Azure,luleonpla,,0,0,0,0,0,0,0,0,0,0
419,Azure,gio-rdz,,0,0,0,0,0,0,0,0,0,0
420,Azure,cljung,15.0,0,1,0,0,0,1,1,1,0,0
421,Azure,mahoekst,14.0,0,9,0,0,0,9,9,9,0,125
422,Azure,dstrockis,89.0,0,1,0,0,0,1,1,1,0,0
423,Azure,darsney,9.0,0,10,0,0,1,11,10,11,0,203
424,Azure,ccrowley96,24.0,0,1,0,0,0,1,1,1,0,0
425,Azure,jamiewilbraham,8.0,0,1,0,0,2,3,1,3,0,42
426,Azure,rinisbet,,0,0,0,0,0,0,0,0,0,42
427,Azure,jamescarpinter,6.0,0,1,0,0,0,1,1,1,0,0
428,Azure,balansubr,,0,0,0,0,0,0,0,0,0,0
429,Azure,johnsta,,0,0,0,0,0,0,0,0,0,0
430,Azure,arjunattam,,0,0,0,0,0,0,0,0,0,0
431,Azure,grayzu,,0,0,0,0,0,0,0,0,0,0
432,Azure,nickgmicrosoft,3.0,0,1,0,0,0,1,1,1,0,0
433,Azure,jgardner04,28.0,0,1,0,0,1,2,1,2,0,5
434,Azure,yashkv1,1.0,0,1,0,0,0,1,1,1,0,0
435,Azure,neeginotra,,0,0,0,0,0,0,0,0,0,0
436,Azure,ningl2,0.0,0,1,0,0,0,1,1,1,0,0
437,Azure,xboxeer,13.0,0,2,0,0,0,2,2,2,0,0
438,Azure,usvoyager,1.0,0,1,0,0,0,1,1,1,0,0
439,Azure,majguo,,0,0,0,0,0,0,0,0,0,0
440,Azure,zhengchang907,,0,0,0,0,0,0,0,0,0,0
441,Azure,grrlgeek,,0,0,0,0,0,0,0,0,0,0
442,Azure,maxmushkin,1.0,0,7,0,0,0,7,7,7,0,42
443,Azure,omidm1,,0,0,0,0,0,0,0,0,0,42
444,Azure,mamccrea,26.0,0,1,0,0,0,1,1,1,0,0
445,Azure,NickDrouin,11.0,0,1,0,0,0,1,1,1,0,0
446,Azure,hildurhodd,,0,0,0,0,0,0,0,0,0,0
447,Azure,haukurstefansson,,0,0,0,0,0,0,0,0,0,0
448,Azure,mssindhurid,0.0,0,1,0,0,0,1,1,1,0,0
449,Azure,gkostal,1.0,0,1,0,0,0,1,1,1,0,0
450,Azure,kroshkina-ms,,0,0,0,0,0,0,0,0,0,0
451,Azure,priyanka-gomatam,,0,0,0,0,0,0,0,0,0,0
452,Azure,adesh-rao,0.0,0,2,0,0,0,2,2,2,0,395
453,Azure,prabdeb,,0,0,0,0,0,0,0,0,0,395
454,Azure,brijrajsingh,,0,0,0,0,0,0,0,0,0,395
455,Azure,danewalton,8.0,0,2,0,0,0,2,2,2,0,152
456,Azure,CIPop,,0,0,0,0,0,0,0,0,0,152
457,Azure,randywu763,,0,0,0,0,0,0,0,0,0,152
458,Azure,ryanwinter,3.0,0,1,0,0,0,1,1,1,0,0
459,Azure,jasmineymlo,5.0,0,1,0,0,0,1,1,1,0,0
460,Azure,nkhuyent,,0,0,0,0,0,0,0,0,0,0
461,Azure,JasonFreeberg,96.0,0,3,0,0,0,3,3,3,0,385
462,Azure,khaosdoctor,,0,0,0,0,0,0,0,0,0,385
463,Azure,mikebudzynski,,0,0,0,0,0,0,0,0,0,385
464,Azure,odaibert,,0,0,0,0,0,0,0,0,0,385
465,Azure,mpapas,,0,0,0,0,0,0,0,0,0,385
466,Azure,cpeeyush,,0,0,0,0,0,0,0,0,0,385
467,Azure,agowdamsft,3.0,0,0,0,0,1,1,0,1,0,385
468,Azure,MicrosoftGuyJFlo,,0,0,0,0,0,0,0,0,0,385
469,Azure,oliviajain,,0,0,0,0,0,0,0,0,0,385
470,Azure,wmpauli,,0,0,0,0,0,0,0,0,0,385
471,Azure,pragyaaneja,,0,0,0,0,0,0,0,0,0,385
472,Azure,Pengpeng-Microsoft,,0,0,0,0,0,0,0,0,0,385
473,Azure,tle15,,0,0,0,0,0,0,0,0,0,385
474,Azure,anjuligoring,,0,0,0,0,0,0,0,0,0,385
475,Azure,salsal97,,0,0,0,0,0,0,0,0,0,385
476,Azure,marvinbuss,,0,0,0,0,0,0,0,0,0,385
477,Azure,vivishno,,0,0,0,0,0,0,0,0,0,385
478,Azure,ddematheu2,3.0,0,19,0,0,0,19,19,19,0,386
479,Azure,prprabhu-ms,,0,0,0,0,0,0,0,0,0,386
480,Azure,cwhil2492,1.0,0,3,0,0,1,3,3,3,0,302
481,Azure,ravithanneeru,0.0,0,2,0,0,0,2,2,2,0,0
482,Azure,xumo-95,3.0,0,2,0,0,0,2,2,2,0,0
483,Azure,juancamilor,,0,0,0,0,0,0,0,0,0,0
484,Azure,pavelprystinka,,0,0,0,0,0,0,0,0,0,0
485,Azure,zihzhan-msft,,0,0,0,0,0,0,0,0,0,0
486,Azure,raosanat,,0,0,0,0,0,0,0,0,0,0
487,Azure,palatter,,0,0,0,0,0,0,0,0,0,0
488,Azure,LoadLibrary,,0,0,0,0,0,0,0,0,0,0
489,Azure,iaulakh,,0,0,0,0,0,0,0,0,0,0
490,Azure,kagbakpem,3.0,0,1,0,0,0,1,1,1,0,0
491,Azure,alkwa-msft,4.0,0,4,0,0,0,4,4,4,0,27
492,Azure,PorterNan,3.0,0,1,0,0,0,1,1,1,0,0
493,Azure,JamesBurnside,5.0,0,2,0,0,0,2,2,2,0,62
494,Azure,alex-kwan,6.0,0,4,0,0,2,6,4,6,0,92
495,Azure,ashwinder,1.0,0,1,0,0,0,1,1,1,0,0
496,Azure,lei-msft,0.0,0,1,0,0,0,1,1,1,0,0
497,Azure,tophpalmer,,0,0,0,0,0,0,0,0,0,0
498,Azure,fizampou,,0,0,0,0,0,0,0,0,0,0
499,Azure,srasool,,0,0,0,0,0,0,0,0,0,0
500,Azure,jyotsnaravikumar,,0,0,0,0,0,0,0,0,0,0
501,Azure,edaena,,0,0,0,0,0,0,0,0,0,0
502,Azure,helayoty,,0,0,0,0,0,0,0,0,0,0
503,Azure,samiyaakhtar,,0,0,0,0,0,0,0,0,0,0
504,Azure,evanlouie,,0,0,0,0,0,0,0,0,0,0
505,Azure,bnookala,,0,0,0,0,0,0,0,0,0,0
506,Azure,paulomarquesc,25.0,0,1,0,0,0,1,1,1,0,0
507,Azure,rwike77,,0,0,0,0,0,0,0,0,0,0
508,Azure,keianasnell,,0,0,0,0,0,0,0,0,0,0
509,Azure,akatesmith,,0,0,0,0,0,0,0,0,0,0
510,Azure,clemensv,,0,0,0,0,0,0,0,0,0,0
511,Azure,saraswatshantanu,,0,0,0,0,0,0,0,0,0,0
512,Azure,nyanzebra,,0,0,0,0,0,0,0,0,0,0
513,Azure,bospoort,,0,0,0,0,0,0,0,0,0,0
514,Azure,elmouzak,3.0,0,1,0,0,0,1,1,1,0,0
515,Azure,cippero,,0,0,0,0,0,0,0,0,0,0
516,Azure,ralarcon,,0,0,0,0,0,0,0,0,0,0
517,Azure,vermegi,23.0,0,2,0,0,0,2,2,2,0,86
518,Azure,tnorling,,0,0,0,0,0,0,0,0,0,86
519,Azure,jo-arroyo,,0,0,0,0,0,0,0,0,0,86
520,Azure,niswitze,,0,0,0,0,0,0,0,0,0,86
521,Azure,qiaozha,9.0,0,27,0,0,2,29,27,29,0,330
522,Azure,akhilayesantarao,,0,0,0,0,0,0,0,0,0,330
523,Azure,JoshuaLai,,0,0,0,0,0,0,0,0,0,330
524,Azure,AmyL219,,0,0,0,0,0,0,0,0,0,330
525,Azure,JohnVUgonabo,,0,0,0,0,0,0,0,0,0,330
526,Azure,cheukchuen,,0,0,0,0,0,0,0,0,0,330
527,Azure,jimchou-dev,,0,0,0,0,0,0,0,0,0,330
528,Azure,Gemakk,,0,0,0,0,0,0,0,0,0,330
529,Azure,waynemo,,0,0,0,0,0,0,0,0,0,330
530,Azure,Yonet,,0,0,0,0,0,0,0,0,0,330
531,Azure,gachandw,0.0,0,3,0,0,0,3,3,3,0,50
532,Azure,mimckitt,16.0,0,1,0,0,0,1,1,1,0,0
533,Azure,agoncal,,0,0,0,0,0,0,0,0,0,0
534,Azure,mnriem,2.0,0,1,0,0,0,1,1,1,0,0
535,Azure,anandchugh,,0,0,0,0,0,0,0,0,0,0
536,Azure,msbinli,,0,0,0,0,0,0,0,0,0,0
537,Azure,abhirockzz,250.0,0,1,0,0,0,1,1,1,0,0
538,Azure,trevorbye,,0,0,0,0,0,0,0,0,0,0
539,Azure,tasdevani21,,0,0,0,0,0,0,0,0,0,0
540,Azure,norelina,,0,0,0,0,0,0,0,0,0,0
541,Azure,LaunaKay,,0,0,0,0,0,0,0,0,0,0
542,Azure,ikivanc,,0,0,0,0,0,0,0,0,0,0
543,Azure,olasowemimo,,0,0,0,0,0,0,0,0,0,0
544,Azure,paolosalvatori,,0,0,0,0,0,0,0,0,0,0
545,Azure,AdinaTru,,0,0,0,0,0,0,0,0,0,0
546,Azure,issacnitin,14.0,0,6,0,0,0,6,6,6,0,288
547,Azure,Mrayyan,0.0,0,2,0,0,0,2,2,2,0,8
548,Azure,phileo99,,0,0,0,0,0,0,0,0,0,8
549,Azure,lpx1989,,0,0,0,0,0,0,0,0,0,8
550,Azure,amthomas46,65.0,0,1,0,0,0,1,1,1,0,0
551,Azure,lfitchett,3.0,0,3,0,0,0,3,3,3,0,198
552,Azure,bkuriach,11.0,0,3,0,0,1,4,3,4,0,7
553,Azure,annamnara,,0,0,0,0,0,0,0,0,0,7
554,Azure,nicjohn79,,0,0,0,0,0,0,0,0,0,7
555,Azure,xgerman,5.0,0,1,0,0,0,1,1,1,0,0
556,Azure,hihigupt,,0,0,0,0,0,0,0,0,0,0
557,Azure,ewertons,,0,0,0,0,0,0,0,0,0,0
558,Azure,dzsquared,,0,0,0,0,0,0,0,0,0,0
559,Azure,naiteeks,3.0,0,15,0,0,0,15,15,15,0,212
560,Azure,nikitapitliya,0.0,0,12,0,0,0,12,12,12,0,19
561,Azure,nicolasbotto,1.0,0,1,0,0,0,1,1,1,0,0
562,Azure,marvin-garcia,9.0,0,4,0,0,0,4,4,4,0,3
563,Azure,puicchan,2.0,0,2,0,0,0,2,2,2,0,0
564,Azure,jeffhollan,574.0,0,5,0,0,0,5,5,5,0,20
565,Azure,trask,368.0,0,1,0,0,0,1,1,1,0,0
566,Azure,hui1110,,0,0,0,0,0,0,0,0,0,0
567,Azure,backwind1233,10.0,0,3,0,0,0,3,3,3,0,38
568,Azure,chenrujun,25.0,0,2,0,0,0,2,2,2,0,75
569,Azure,yiliuTo,7.0,0,1,0,0,0,1,1,1,0,0
570,Azure,stliu,408.0,0,1,0,0,0,1,1,1,0,0
571,Azure,mrm9084,,0,0,0,0,0,0,0,0,0,0
572,Azure,jialigit,,0,0,0,0,0,0,0,0,0,0
573,Azure,zhichengliu12581,,0,0,0,0,0,0,0,0,0,0
574,Azure,WentingWu666666,,0,0,0,0,0,0,0,0,0,0
575,Azure,kyle-patterson,,0,0,0,0,0,0,0,0,0,0
576,Azure,danieloh30,,0,0,0,0,0,0,0,0,0,0
577,Azure,jamesfalkner,,0,0,0,0,0,0,0,0,0,0
578,Azure,joshlong,8042.0,0,1,0,0,0,1,1,1,0,0
579,Azure,mootpointer,29.0,0,2,0,0,0,2,2,2,0,15
580,Azure,dhruvchand,,0,0,0,0,0,0,0,0,0,15
581,Azure,mksuni,,0,0,0,0,0,0,0,0,0,15
582,Azure,xfz11,0.0,0,1,0,0,0,1,1,1,0,0
583,Azure,srkalava,,0,0,0,0,0,0,0,0,0,0
584,Azure,chgeuer,,0,0,0,0,0,0,0,0,0,0
585,Azure,ckittel,,0,0,0,0,0,0,0,0,0,0
586,Azure,ferantivero,,0,0,0,0,0,0,0,0,0,0
587,Azure,mscurrell,,0,0,0,0,0,0,0,0,0,0
588,Azure,AriZavala2,,0,0,0,0,0,0,0,0,0,0
589,Azure,1iveowl,,0,0,0,0,0,0,0,0,0,0
590,Azure,lanicolas,,0,0,0,0,0,0,0,0,0,0
